[2023-10-21 22:54:43.285] [INFO] main: a 
  ┌                                                                                                                         ┐
  │   65.11405470521025 -26.762746171102414 -22.007698068539373  -82.77671290257723   35.00621520974893   75.58190587265923 │
  │ -26.762746171102414   229.0660173609204   19.93232989043198  11.317673881705893   -41.5887940396087  27.507719995937514 │
  │ -22.007698068539373   19.93232989043198   47.85586622454126   92.30117607044637  -20.18791540235534 -18.150124329594377 │
  │  -82.77671290257723  11.317673881705893   92.30117607044637  231.24867418816547 -30.569264277267344 -103.31843363394694 │
  │   35.00621520974893   -41.5887940396087  -20.18791540235534 -30.569264277267344   130.1539779623694   82.94972766849409 │
  │   75.58190587265923  27.507719995937514 -18.150124329594377 -103.31843363394694   82.94972766849409   189.0452850784499 │
  └                                                                                                                         ┘


[2023-10-21 22:54:43.286] [INFO] main: b 
  ┌                     ┐
  │   9.814255243856422 │
  │ -0.3400832138148502 │
  │ -4.2742798826246275 │
  │  0.5729798470675629 │
  │  1.0452978781511018 │
  │  -6.258477409122025 │
  └                     ┘


[2023-10-21 22:54:43.286] [INFO] main: x0 
  ┌                    ┐
  │ -6.998099039133139 │
  │ -5.532602553195874 │
  │  5.222094920523634 │
  │   3.71860843139695 │
  │  -5.88821505753657 │
  │  4.175398532986163 │
  └                    ┘


[2023-10-21 22:54:43.286] [INFO] main: tochnoe 
  ┌                      ┐
  │   -1.550648425654797 │
  │ -0.22570089760570633 │
  │   3.4869725406369905 │
  │  -2.0145864008544634 │
  │   0.6327463127507499 │
  │  -0.3579729727467522 │
  └                      ┘


[2023-10-21 22:54:43.286] [INFO] main: xm 
  ┌                      ┐
  │  -1.5297081304989302 │
  │ -0.22320747880544625 │
  │    3.416742639117708 │
  │  -1.9753525554732039 │
  │   0.6181764908218194 │
  │ -0.34553820068193253 │
  └                      ┘


[2023-10-21 22:54:43.286] [INFO] main: m (steps) 24406
[2023-10-21 22:54:43.286] [INFO] main: intermediate steps
x_{0m/4}

  ┌                    ┐
  │ -6.998099039133139 │
  │ -5.532602553195874 │
  │  5.222094920523634 │
  │   3.71860843139695 │
  │  -5.88821505753657 │
  │  4.175398532986163 │
  └                    ┘

x_{1m/4}

  ┌                      ┐
  │  -1.3719100792558692 │
  │ -0.20442898556213976 │
  │    2.887074967708234 │
  │  -1.6794775156491377 │
  │   0.5082733976393556 │
  │ -0.25169818502348007 │
  └                      ┘

x_{2m/4}

  ┌                      ┐
  │  -1.4631521073720928 │
  │    -0.21528246944462 │
  │   3.1935259611955886 │
  │   -1.850652841976869 │
  │   0.5718681918959697 │
  │ -0.30601588147387093 │
  └                      ┘

x_{3m/4}

  ┌                      ┐
  │   -1.507841726609269 │
  │ -0.22060378567950611 │
  │    3.343406739106548 │
  │  -1.9343835479751248 │
  │   0.6029623016937389 │
  │   -0.332553486463615 │
  └                      ┘

x_{4m/4}

  ┌                      ┐
  │  -1.5297081304989302 │
  │ -0.22320747880544625 │
  │    3.416742639117708 │
  │  -1.9753525554732039 │
  │   0.6181764908218194 │
  │ -0.34553820068193253 │
  └                      ┘


[2023-10-21 22:54:43.286] [INFO] main: x (exact solution) 
  ┌                      ┐
  │   -1.550648425654797 │
  │ -0.22570089760570633 │
  │   3.4869725406369905 │
  │  -2.0145864008544634 │
  │   0.6327463127507499 │
  │  -0.3579729727467522 │
  └                      ┘


[2023-10-21 22:54:43.286] [INFO] main: f(intermediate steps)
f(x_{0m/4}) = 8536.868949804615
f(x_{1m/4}) = -13.837969386830299
f(x_{2m/4}) = -14.074776746789134
f(x_{3m/4}) = -14.131440448625039
f(x_{4m/4}) = -14.145004232600975

[2023-10-21 22:54:43.286] [INFO] main: f(x) (exact solution) = -14.149271102339297
[2023-10-21 22:54:43.287] [INFO] main: abs diff x vector = 
  ┌                       ┐
  │  0.020940295155866817 │
  │ 0.0024934188002600777 │
  │   0.07022990151928266 │
  │   0.03923384538125951 │
  │  0.014569821928930526 │
  │  0.012434772064819688 │
  └                       ┘


[2023-10-21 22:54:43.287] [INFO] main: abs diff f(x) = 0.004266869738321688
[2023-10-21 22:54:43.692] [DEBUG] main: Generating plot at 'plots/2023-10-21 22:54:43.png'
[2023-11-08 13:13:10.284] [INFO] main: a 
  ┌                                                                                                                         ┐
  │  154.07957072611157 -17.757853878034975  10.147768637805974  25.100185786792977  142.88639216664035   99.60147122006087 │
  │ -17.757853878034975   89.54494347073003 -21.558466226522917  -75.29048987440916  1.0528878397363792  -53.41255602134583 │
  │  10.147768637805974 -21.558466226522917  221.03664143876324   193.7641110330941 -149.00729300310786   -9.01768238809344 │
  │  25.100185786792977  -75.29048987440916   193.7641110330941   274.3324083292412  -106.5620714141739   92.96978331040421 │
  │  142.88639216664035  1.0528878397363792 -149.00729300310786  -106.5620714141739  254.48954804717874   105.2001169627534 │
  │   99.60147122006087  -53.41255602134583   -9.01768238809344   92.96978331040421   105.2001169627534   178.3982215025798 │
  └                                                                                                                         ┘


[2023-11-08 13:13:10.284] [INFO] main: b 
  ┌                     ┐
  │   5.742487909359237 │
  │  -2.117648659980045 │
  │ -1.6227327418241764 │
  │   8.524193839038269 │
  │  -4.773267262629659 │
  │  0.7010092124028677 │
  └                     ┘


[2023-11-08 13:13:10.284] [INFO] main: x0 
  ┌                     ┐
  │ -3.2478686848958205 │
  │  -9.596204636445357 │
  │  -4.570541241899524 │
  │  -7.786909319167132 │
  │   7.876632273964454 │
  │  -8.780628188766293 │
  └                     ┘


[2023-11-08 13:13:10.284] [INFO] main: tochnoe 
  ┌                     ┐
  │  -3.240269333187596 │
  │ -0.4884473687073914 │
  │  3.2044212444460025 │
  │ -1.3440815678006983 │
  │  2.7917750245647337 │
  │  0.8750408259401627 │
  └                     ┘


[2023-11-08 13:13:10.284] [INFO] main: xm 
  ┌                     ┐
  │ -3.2363599892789248 │
  │ -0.4878493152756025 │
  │  3.2005962635348655 │
  │ -1.3425492355598407 │
  │   2.788371885683792 │
  │  0.8740438533920588 │
  └                     ┘


[2023-11-08 13:13:10.284] [INFO] main: m (steps) 33619
[2023-11-08 13:13:10.284] [INFO] main: intermediate steps
x_{0m/4}

  ┌                     ┐
  │ -3.2478686848958205 │
  │  -9.596204636445357 │
  │  -4.570541241899524 │
  │  -7.786909319167132 │
  │   7.876632273964454 │
  │  -8.780628188766293 │
  └                     ┘

x_{1m/4}

  ┌                     ┐
  │ -3.0739399986796188 │
  │ -0.4630017114495594 │
  │  3.0416799826601384 │
  │ -1.2788839721230099 │
  │  2.6469838663457885 │
  │  0.8326213892282137 │
  └                     ┘

x_{2m/4}

  ┌                     ┐
  │ -3.1926245977056835 │
  │ -0.4811586526903832 │
  │  3.1578046745059796 │
  │ -1.3254064228153444 │
  │  2.7502996119184937 │
  │  0.8628903233362547 │
  └                     ┘

x_{3m/4}

  ┌                      ┐
  │  -3.2266216353436508 │
  │ -0.48635953690689865 │
  │   3.1910680616732496 │
  │  -1.3387321260763811 │
  │    2.779894511554592 │
  │   0.8715603493146502 │
  └                      ┘

x_{4m/4}

  ┌                     ┐
  │ -3.2363599892789248 │
  │ -0.4878493152756025 │
  │  3.2005962635348655 │
  │ -1.3425492355598407 │
  │   2.788371885683792 │
  │  0.8740438533920588 │
  └                     ┘


[2023-11-08 13:13:10.284] [INFO] main: x (exact solution) 
  ┌                     ┐
  │  -3.240269333187596 │
  │ -0.4884473687073914 │
  │  3.2044212444460025 │
  │ -1.3440815678006983 │
  │  2.7917750245647337 │
  │  0.8750408259401627 │
  └                     ┘


[2023-11-08 13:13:10.285] [INFO] main: f(intermediate steps)
f(x_{0m/4}) = 36012.85797403606
f(x_{1m/4}) = -23.410386368504703
f(x_{2m/4}) = -23.466235500711132
f(x_{3m/4}) = -23.470818031442
f(x_{4m/4}) = -23.471194037068376

[2023-11-08 13:13:10.285] [INFO] main: f(x) (exact solution) = -23.471227646812075
[2023-11-08 13:13:10.285] [INFO] main: abs diff x vector = 
  ┌                       ┐
  │  0.003909343908671037 │
  │ 0.0005980534317889252 │
  │ 0.0038249809111370325 │
  │ 0.0015323322408575812 │
  │ 0.0034031388809419028 │
  │  0.000996972548103936 │
  └                       ┘


[2023-11-08 13:13:10.285] [INFO] main: abs diff f(x) = 0.00003360974369925884
[2023-11-08 13:13:11.004] [DEBUG] main: Generating plot at 'plots/2023-11-08 13:13:11.png'
[2023-11-08 13:17:17.652] [INFO] main: a 
  ┌                                                                                                                         ┐
  │   65.11405470521025 -26.762746171102414 -22.007698068539373  -82.77671290257723   35.00621520974893   75.58190587265923 │
  │ -26.762746171102414   229.0660173609204   19.93232989043198  11.317673881705893   -41.5887940396087  27.507719995937514 │
  │ -22.007698068539373   19.93232989043198   47.85586622454126   92.30117607044637  -20.18791540235534 -18.150124329594377 │
  │  -82.77671290257723  11.317673881705893   92.30117607044637  231.24867418816547 -30.569264277267344 -103.31843363394694 │
  │   35.00621520974893   -41.5887940396087  -20.18791540235534 -30.569264277267344   130.1539779623694   82.94972766849409 │
  │   75.58190587265923  27.507719995937514 -18.150124329594377 -103.31843363394694   82.94972766849409   189.0452850784499 │
  └                                                                                                                         ┘


[2023-11-08 13:17:17.652] [INFO] main: b 
  ┌                     ┐
  │   9.814255243856422 │
  │ -0.3400832138148502 │
  │ -4.2742798826246275 │
  │  0.5729798470675629 │
  │  1.0452978781511018 │
  │  -6.258477409122025 │
  └                     ┘


[2023-11-08 13:17:17.652] [INFO] main: x0 
  ┌                    ┐
  │ -6.998099039133139 │
  │ -5.532602553195874 │
  │  5.222094920523634 │
  │   3.71860843139695 │
  │  -5.88821505753657 │
  │  4.175398532986163 │
  └                    ┘


[2023-11-08 13:17:17.652] [INFO] main: tochnoe 
  ┌                      ┐
  │   -1.550648425654797 │
  │ -0.22570089760570633 │
  │   3.4869725406369905 │
  │  -2.0145864008544634 │
  │   0.6327463127507499 │
  │  -0.3579729727467522 │
  └                      ┘


[2023-11-08 13:17:17.652] [INFO] main: xm 
  ┌                      ┐
  │  -1.5485543121268701 │
  │ -0.22545154572209924 │
  │    3.479949268723115 │
  │  -2.0106628589103823 │
  │   0.6312892721038167 │
  │ -0.35672944565203696 │
  └                      ┘


[2023-11-08 13:17:17.652] [INFO] main: m (steps) 44056
[2023-11-08 13:17:17.653] [INFO] main: intermediate steps
x_{0m/4}

  ┌                    ┐
  │ -6.998099039133139 │
  │ -5.532602553195874 │
  │  5.222094920523634 │
  │   3.71860843139695 │
  │  -5.88821505753657 │
  │  4.175398532986163 │
  └                    ┘

x_{1m/4}

  ┌                      ┐
  │  -1.4500716845146187 │
  │ -0.21372494883641005 │
  │    3.149656567106423 │
  │  -1.8261452637548543 │
  │   0.5627670907322275 │
  │ -0.29824844259492495 │
  └                      ┘

x_{2m/4}

  ┌                      ┐
  │   -1.522979104642089 │
  │ -0.22240623510501134 │
  │    3.394174723062603 │
  │  -1.9627450178015173 │
  │   0.6134945745565712 │
  │  -0.3415423686210524 │
  └                      ┘

x_{3m/4}

  ┌                      ┐
  │  -1.5430364154445284 │
  │   -0.224794514518707 │
  │   3.4614432573364637 │
  │  -2.0003244991282827 │
  │   0.6274500343335033 │
  │ -0.35345280666431583 │
  └                      ┘

x_{4m/4}

  ┌                      ┐
  │  -1.5485543121268701 │
  │ -0.22545154572209924 │
  │    3.479949268723115 │
  │  -2.0106628589103823 │
  │   0.6312892721038167 │
  │ -0.35672944565203696 │
  └                      ┘


[2023-11-08 13:17:17.653] [INFO] main: x (exact solution) 
  ┌                      ┐
  │   -1.550648425654797 │
  │ -0.22570089760570633 │
  │   3.4869725406369905 │
  │  -2.0145864008544634 │
  │   0.6327463127507499 │
  │  -0.3579729727467522 │
  └                      ┘


[2023-11-08 13:17:17.653] [INFO] main: f(intermediate steps)
f(x_{0m/4}) = 8536.868949804615
f(x_{1m/4}) = -14.050838476532975
f(x_{2m/4}) = -14.141821367913384
f(x_{3m/4}) = -14.148707279698524
f(x_{4m/4}) = -14.149228430218033

[2023-11-08 13:17:17.653] [INFO] main: f(x) (exact solution) = -14.149271102339297
[2023-11-08 13:17:17.653] [INFO] main: abs diff x vector = 
  ┌                        ┐
  │  0.0020941135279268774 │
  │ 0.00024935188360708516 │
  │   0.007023271913875639 │
  │   0.003923541944081066 │
  │  0.0014570406469331942 │
  │  0.0012435270947152577 │
  └                        ┘


[2023-11-08 13:17:17.653] [INFO] main: abs diff f(x) = 0.00004267212126407571
[2023-11-08 13:17:18.560] [DEBUG] main: Generating plot at 'plots/2023-11-08 13:17:18.png'
