[2023-10-21 07:17:01.497] [INFO] main: a 
  ┌                                                                                                                   ┐
  │  243.7506882972291 184.64962167329344 22.276777629189546  72.53208753162652  93.46931107041118  51.30385352789121 │
  │ 184.64962167329344  160.9401128851071  33.56641787352792 15.355676666768087  98.61816102795012  14.56062306357025 │
  │ 22.276777629189546  33.56641787352792 112.19933527338762 -3.142782832284837  63.83850088376602 -19.84633695448193 │
  │  72.53208753162652 15.355676666768087 -3.142782832284837 126.03191212996194 40.702397887496296  42.80217311050001 │
  │  93.46931107041118  98.61816102795012  63.83850088376602 40.702397887496296 238.14549628519106 -65.17536472411278 │
  │  51.30385352789121  14.56062306357025 -19.84633695448193  42.80217311050001 -65.17536472411278  57.69356734171324 │
  └                                                                                                                   ┘


[2023-10-21 07:17:01.498] [INFO] main: b 
  ┌                     ┐
  │ -2.1961260544311174 │
  │   9.417432476489001 │
  │ -0.9899604699185938 │
  │   5.302827964669131 │
  │ -3.3532953775890313 │
  │ -2.5735070720889537 │
  └                     ┘


[2023-10-21 07:17:01.498] [INFO] main: x0 
  ┌                     ┐
  │  -0.616044047841128 │
  │  -4.919664882676496 │
  │  3.5049672664799676 │
  │ -1.0927261170533886 │
  │   7.579747149378909 │
  │  -2.402774493858919 │
  └                     ┘


[2023-10-21 07:17:01.498] [INFO] main: tochnoe 
  ┌                     ┐
  │  27.745044217819633 │
  │  -44.67526809419485 │
  │  0.8678195311399259 │
  │ -27.405907419905496 │
  │  20.364182243166464 │
  │  30.283168113111362 │
  └                     ┘


[2023-10-21 07:17:01.498] [INFO] main: xm 
  ┌                     ┐
  │   27.50556348546726 │
  │ -44.279972066678766 │
  │  0.8608823860334704 │
  │  -27.15650949981822 │
  │    20.1743741122239 │
  │  29.993729429770546 │
  └                     ┘


[2023-10-21 07:17:01.498] [INFO] main: m (steps) 291818
[2023-10-21 07:17:01.498] [INFO] main: intermediate steps
x_{0m/4}

  ┌                     ┐
  │  -0.616044047841128 │
  │  -4.919664882676496 │
  │  3.5049672664799676 │
  │ -1.0927261170533886 │
  │   7.579747149378909 │
  │  -2.402774493858919 │
  └                     ┘

x_{1m/4}

  ┌                     ┐
  │  19.971819379070485 │
  │  -31.84804842855973 │
  │  0.6424710557498691 │
  │ -19.315464285814034 │
  │  14.208374955425024 │
  │   20.89853595347527 │
  └                     ┘

x_{2m/4}

  ┌                    ┐
  │  25.30902530852684 │
  │ -40.65430709452508 │
  │ 0.7972530517047409 │
  │ -24.86904245726628 │
  │  18.43347280296696 │
  │  27.33904300603301 │
  └                    ┘

x_{3m/4}

  ┌                     ┐
  │  26.981249328830696 │
  │  -43.41451929672618 │
  │  0.8456943358066115 │
  │ -26.610483077879397 │
  │   19.75881236101868 │
  │   29.36003884768732 │
  └                     ┘

x_{4m/4}

  ┌                     ┐
  │   27.50556348546726 │
  │ -44.279972066678766 │
  │  0.8608823860334704 │
  │  -27.15650949981822 │
  │    20.1743741122239 │
  │  29.993729429770546 │
  └                     ┘


[2023-10-21 07:17:01.498] [INFO] main: x (exact solution) 
  ┌                     ┐
  │  27.745044217819633 │
  │  -44.67526809419485 │
  │  0.8678195311399259 │
  │ -27.405907419905496 │
  │  20.364182243166464 │
  │  30.283168113111362 │
  └                     ┘


[2023-10-21 07:17:01.498] [INFO] main: f(intermediate steps)
f(x_{0m/4}) = 8728.074693473245
f(x_{1m/4}) = -353.9318914136362
f(x_{2m/4}) = -383.7793203188997
f(x_{3m/4}) = -386.71354255751385
f(x_{4m/4}) = -387.00200959054615

[2023-10-21 07:17:01.498] [INFO] main: f(x) (exact solution) = -387.0334599585957
[2023-10-21 07:17:01.498] [INFO] main: abs diff x vector = 
  ┌                      ┐
  │  0.23948073235237288 │
  │  0.39529602751608195 │
  │ 0.006937145106455489 │
  │   0.2493979200872758 │
  │  0.18980813094256277 │
  │   0.2894386833408156 │
  └                      ┘


[2023-10-21 07:17:01.498] [INFO] main: abs diff f(x) = 0.031450368049547706
[2023-10-21 07:17:39.208] [INFO] main: a 
  ┌                                                                                                                         ┐
  │   275.8072705744173  -73.33740661429448   64.24936518987083   -96.2822584143143  -91.38851002594734  -66.31632922005251 │
  │  -73.33740661429448  127.51937450290042 -2.1162534396100128  -61.32939301164097  -46.15562402748151 -52.742511933186435 │
  │   64.24936518987083 -2.1162534396100128  235.78418205844477  59.019305705556626  122.03641433561499    78.3583482577215 │
  │   -96.2822584143143  -61.32939301164097  59.019305705556626  178.20534461276776  154.19403094963224  127.33017933010437 │
  │  -91.38851002594734  -46.15562402748151  122.03641433561499  154.19403094963224  209.21873808913244   131.9984578976126 │
  │  -66.31632922005251 -52.742511933186435    78.3583482577215  127.33017933010437   131.9984578976126  133.18682822408022 │
  └                                                                                                                         ┘


[2023-10-21 07:17:39.208] [INFO] main: b 
  ┌                     ┐
  │   5.251933260745465 │
  │   3.939167131198202 │
  │   7.400908725450254 │
  │   7.588597339636081 │
  │  -7.146726380830442 │
  │ -2.2650051781060103 │
  └                     ┘


[2023-10-21 07:17:39.208] [INFO] main: x0 
  ┌                     ┐
  │  7.9317472041093104 │
  │   8.092532752445052 │
  │  -5.197383934545925 │
  │  3.3993826140243204 │
  │ -1.7510626420612176 │
  │  -3.660690593133225 │
  └                     ┘


[2023-10-21 07:17:39.208] [INFO] main: tochnoe 
  ┌                       ┐
  │  0.016769176827028207 │
  │ -0.024680482385469035 │
  │  -0.14461074950775138 │
  │  -0.34471835489458913 │
  │   0.27491465394403214 │
  │   0.15776007370646447 │
  └                       ┘


[2023-10-21 07:17:39.208] [INFO] main: xm 
  ┌                       ┐
  │   0.02885242387126381 │
  │ -0.009994115084933823 │
  │   -0.1554422909785297 │
  │  -0.34227512245849034 │
  │    0.2829842593644044 │
  │   0.16587705999455005 │
  └                       ┘


[2023-10-21 07:17:39.208] [INFO] main: m (steps) 14716
[2023-10-21 07:17:39.208] [INFO] main: intermediate steps
x_{0m/4}

  ┌                     ┐
  │  7.9317472041093104 │
  │   8.092532752445052 │
  │  -5.197383934545925 │
  │  3.3993826140243204 │
  │ -1.7510626420612176 │
  │  -3.660690593133225 │
  └                     ┘

x_{1m/4}

  ┌                      ┐
  │   1.0478903224486587 │
  │   1.2286004800600732 │
  │  -1.0687635648890086 │
  │ -0.13551754686482578 │
  │   0.9633367121206201 │
  │   0.8497469601431705 │
  └                      ┘

x_{2m/4}

  ┌                      ┐
  │  0.25095703950373105 │
  │   0.2599589849644093 │
  │ -0.35453903317440283 │
  │  -0.2973654824217965 │
  │  0.43131328980203676 │
  │  0.31507694667069125 │
  └                      ┘

x_{3m/4}

  ┌                     ┐
  │  0.0699645676162489 │
  │ 0.03997490742574585 │
  │ -0.1922956209044052 │
  │ -0.3339622473775928 │
  │ 0.31044035429952355 │
  │ 0.19349436399409914 │
  └                     ┘

x_{4m/4}

  ┌                       ┐
  │   0.02885242387126381 │
  │ -0.009994115084933823 │
  │   -0.1554422909785297 │
  │  -0.34227512245849034 │
  │    0.2829842593644044 │
  │   0.16587705999455005 │
  └                       ┘


[2023-10-21 07:17:39.208] [INFO] main: x (exact solution) 
  ┌                       ┐
  │  0.016769176827028207 │
  │ -0.024680482385469035 │
  │  -0.14461074950775138 │
  │  -0.34471835489458913 │
  │   0.27491465394403214 │
  │   0.15776007370646447 │
  └                       ┘


[2023-10-21 07:17:39.208] [INFO] main: f(intermediate steps)
f(x_{0m/4}) = 12124.155937615133
f(x_{1m/4}) = 6.022838768746933
f(x_{2m/4}) = -2.5427043397244664
f(x_{3m/4}) = -2.9846548321284674
f(x_{4m/4}) = -3.0074578813325346

[2023-10-21 07:17:39.208] [INFO] main: f(x) (exact solution) = -3.0086984449132967
[2023-10-21 07:17:39.208] [INFO] main: abs diff x vector = 
  ┌                       ┐
  │  0.012083247044235603 │
  │  0.014686367300535212 │
  │  0.010831541470778333 │
  │ 0.0024432324360987856 │
  │  0.008069605420372272 │
  │  0.008116986288085576 │
  └                       ┘


[2023-10-21 07:17:39.208] [INFO] main: abs diff f(x) = 0.0012405635807621884
